0,0,13,17,0,0,0,18,6,0,0,16,0,3,18,5,16,19,17,2,
0,0,0,0,18,0,0,2,0,16,0,0,16,0,0,0,0,0,0,0,
13,0,0,0,0,0,0,0,0,0,0,0,0,0,0,0,0,0,0,0,
17,0,0,0,0,0,0,0,0,0,0,0,0,0,0,0,0,0,0,0,
0,18,0,0,0,0,0,0,0,0,0,0,0,0,0,0,0,0,0,0,
0,0,0,0,0,0,0,0,0,0,0,0,0,0,0,0,0,0,0,0,
0,0,0,0,0,0,0,0,0,0,0,0,0,0,0,0,0,0,0,0,
18,2,0,0,0,0,0,0,0,0,0,0,0,0,0,0,0,0,0,0,
6,0,0,0,0,0,0,0,0,0,0,0,0,0,0,0,0,0,0,0,
0,16,0,0,0,0,0,0,0,0,0,0,0,0,0,0,0,0,0,0,
0,0,0,0,0,0,0,0,0,0,0,0,0,0,0,0,0,0,0,0,
16,0,0,0,0,0,0,0,0,0,0,0,0,0,0,0,0,0,0,0,
0,16,0,0,0,0,0,0,0,0,0,0,0,0,0,0,0,0,0,0,
3,0,0,0,0,0,0,0,0,0,0,0,0,0,0,0,0,0,0,0,
18,0,0,0,0,0,0,0,0,0,0,0,0,0,0,0,0,0,0,0,
5,0,0,0,0,0,0,0,0,0,0,0,0,0,0,0,0,0,0,0,
16,0,0,0,0,0,0,0,0,0,0,0,0,0,0,0,0,0,0,0,
19,0,0,0,0,0,0,0,0,0,0,0,0,0,0,0,0,0,0,0,
17,0,0,0,0,0,0,0,0,0,0,0,0,0,0,0,0,0,0,0,
2,0,0,0,0,0,0,0,0,0,0,0,0,0,0,0,0,0,0,0,

#