0,0,0,0,7,0,17,0,8,0,14,17,14,0,18,0,0,0,
0,0,0,0,5,5,0,0,0,0,0,0,0,0,0,0,3,19,
0,0,0,3,4,0,0,0,0,0,0,0,0,0,0,0,0,0,
0,0,3,0,0,0,0,0,0,0,0,0,0,0,0,0,0,0,
7,5,4,0,0,0,0,0,0,0,0,0,0,0,0,0,0,0,
0,5,0,0,0,0,0,0,0,0,0,0,0,0,0,0,0,0,
17,0,0,0,0,0,0,0,0,0,0,0,0,0,0,0,0,0,
0,0,0,0,0,0,0,0,0,0,0,0,0,0,0,0,0,0,
8,0,0,0,0,0,0,0,0,0,0,0,0,0,0,0,0,0,
0,0,0,0,0,0,0,0,0,0,0,0,0,0,0,0,0,0,
14,0,0,0,0,0,0,0,0,0,0,0,0,0,0,0,0,0,
17,0,0,0,0,0,0,0,0,0,0,0,0,0,0,0,0,0,
14,0,0,0,0,0,0,0,0,0,0,0,0,0,0,0,0,0,
0,0,0,0,0,0,0,0,0,0,0,0,0,0,0,0,0,0,
18,0,0,0,0,0,0,0,0,0,0,0,0,0,0,0,0,0,
0,0,0,0,0,0,0,0,0,0,0,0,0,0,0,0,0,0,
0,3,0,0,0,0,0,0,0,0,0,0,0,0,0,0,0,0,
0,19,0,0,0,0,0,0,0,0,0,0,0,0,0,0,0,0,

#